[Relation]
44
65.000	755.000	2550.000
65.548	750.000	2550.000
66.645	740.000	2550.000
67.742	730.000	2550.000
68.839	720.000	2550.000
69.935	710.000	2550.000
71.181	700.000	2550.000
72.436	690.000	2550.000
73.691	680.000	2550.000
74.946	670.000	2550.000
76.395	660.000	2500.000
77.852	650.000	2500.000
79.309	640.000	2500.000
80.866	630.000	2500.000
82.512	620.000	2500.000
84.157	610.000	2500.000
85.952	600.000	2500.000
87.903	590.000	2500.000
89.854	580.000	2500.000
91.887	570.000	2500.000
93.927	560.000	2500.000
96.135	550.000	2200.000
98.528	540.000	2200.000
101.039	530.000	2100.000
103.737	520.000	2100.000
106.536	510.000	2100.000
109.423	500.000	2100.000
110.000	498.000	1950.000
112.708	490.000	1950.000
116.145	480.000	1950.000
119.688	470.000	1950.000
123.476	460.000	1950.000
125.000	456.000	1950.000
127.287	450.000	1950.000
132.329	440.000 1950.000




[Correction]
16
56	13800
58	14000
60.5	13300
63.4	12700
66.5	12700
69.8	12400
73.4	11000
77.4	12700
82	12100
85	10200
91	10300
97.3	10500
105	11200
114	12500
125	11500
133	11500



 [Power of frequency]
3200
[Phase]
1 //128
[T0]
19
81.49
21